6.42683 2.30497 -0.0019484
7.35113 2.57446 0.315038
6.86781 2.54327 0.306178
7.22984 2.4139 0.318853
7.70575 2.83137 0.330407
7.47854 2.26301 0.345421
8.71447 2.12127 0.324195
8.65363 3.22933 0.346717
8.90928 3.35757 0.340083
9.91564 3.69121 0.32569
9.75293 3.7048 0.321787
10.7614 4.08735 0.340956
11.4136 4.56105 0.346262
12.1116 4.96369 0.359016
12.3468 4.44674 0.356614
13.5609 4.96284 0.345207
14.3468 5.02726 0.355212
14.8671 5.22452 0.368445
14.6481 5.21737 0.383887
16.2392 5.23569 0.386353
16.2748 5.22578 0.375661
16.7509 4.90191 0.388887
17.8754 5.9315 0.364668
17.28 6.64902 0.380677
18.159 6.39436 0.391414
18.8068 7.104 0.420214
19.0326 6.69832 0.410401
20.3028 6.97136 0.405866
21.07 7.05062 0.376849
21.6537 8.57957 0.365956
21.5083 7.10096 0.349469
23.0897 7.46933 0.360683
23.9661 7.38717 0.355497
25.2451 7.48766 0.365222
25.8946 7.68744 0.357855
26.582 7.78364 0.335718
26.9462 8.83304 0.359632
27.9837 8.54509 0.333995
28.6299 8.77239 0.320106
29.486 8.87452 0.335611
30.259 10.0479 0.330928
30.3234 9.57203 0.327529
31.366 10.3946 0.341271
31.4516 10.365 0.342456
33.4654 10.037 0.349762
34.2374 10.5194 0.338203
35.5679 11.2807 0.322862
36.6574 11.5391 0.313767
37.001 12.2033 0.309749
37.7317 12.0882 0.314681
38.3142 12.1264 0.314873
39.5696 11.8236 0.316463
40.5916 12.6095 0.277531
41.2038 12.5954 0.31466
42.1075 12.6442 0.298022
42.7182 13.1402 0.298801
43.913 14.0021 0.312611
44.0208 14.0762 0.285673
45.0842 14.4379 0.248614
46.1737 14.9662 0.269889
45.7466 14.2984 0.242885
46.7219 14.7708 0.244187
47.8431 15.2412 0.229408
48.5596 14.3487 0.234998
49.4147 14.8778 0.249815
49.9915 15.5379 0.252229
50.7757 15.3233 0.272187
52.2617 15.9544 0.291398
52.8866 15.8974 0.285983
54.3719 16.0955 0.273265
54.3368 16.3721 0.274482
55.4203 16.5387 0.258749
56.2372 17.1306 0.251397
57.3289 17.5194 0.259052
57.4933 16.4252 0.256092
59.6615 17.2925 0.274681
60.0749 18.186 0.265588
60.9101 18.5801 0.2781
61.5615 19.1308 0.279669
62.5921 20.1177 0.282486
63.6331 20.3434 0.26832
64.1921 19.5354 0.254125
64.8732 20.239 0.242418
66.0919 20.3646 0.210818
67.0957 20.2154 0.2227
68.9842 20.559 0.222875
69.5796 21.0277 0.238005
70.8022 20.6045 0.234057
71.4377 20.0706 0.225496
72.1341 20.95 0.197999
72.8404 21.4567 0.217606
73.4994 20.5729 0.180939
74.7987 21.4726 0.166756
75.8781 21.8673 0.150648
77.3118 21.9746 0.161249
77.9698 21.965 0.141065
79.7279 22.9462 0.160461
80.9724 23.4818 0.146671
82.5255 22.8301 0.144603
83.435 23.2537 0.127453
84.5007 12.4744 0.169437
